101010111000110011110
1100001101
11000100
01101110001101
101011001100100110000
11101100101110100
01100111001000001
100
0100101110
1010100110100101111111110001
00010101001
0100110101010010001001110100011
00001010001101101
00001011000
1010011011101110000000110000
00001
1011011010000001011011
100101000111100001101
100000111101011011000
11011
1010110100010100
011000
0111100010
100111100
11101101101011001111010
100011111001111111001000010
0011011111101010111
0101101101
1000100101111000111110
11001011010001101000
110011011101011100110001000
11110010111001110100001
101111111
111111100011110001110010
101011
1001111001000011100000
111000111011
0110010101000100
00111100001
00110111000001001
010100000100101100
0100000010001111
10101011000
00001001001110101100010001
1000101100
10001110100
11010100111001100110
110010111000111001011010
011110010010011100010001
011000111011010110101101
0000
1111110100110111010
00101
0101100100
101110110111000101011
011100001
10011000100010100
11000010010100011101
1100011110101010110
01111011001101101101101
1010000111
00100
110100000111001
00111001110100001
111000011
0000101110
11011
01010111110010010110111100
010000011010101001110110100111
010111011011001101
1011100011100
001011000011010111001
000111101000100111100
010001100000010001
10100001110
111100
1001010000100
01000000100
10101101000110
0111011
111110011100
1100111111010
01101001100100111
01000011010100
0111011000111100011
101011010000011
110000011000110010
110010010011001011110
1110100010010011100
101
1110010101011000
10010011010
00001110101
0111101000011
101001110000000
110001010101010010
0011011110001
1111100000
1010100001
01011001111011
110001
00100010011100001
11010111111100
110111010010001111011001000000
0100010110101000
0001011010111111011
11101000110000
01000101001
01100111000110001
10111010100110100111111
0111010010011
11010000000100000
1111101001100101
011010001100001
01110110100
101110111110101101111000
00001110011010100
0010101101111111
0000101101010000010
110011010
1000100011000101011
111100100111000000
101101000010110010111000000
00001101101011001010
00000000110101101
10001001101100001011100
1111011000001001
01001110
110100110
0000110011111
100110100101110100000000
1000101101111100100
0111110000011111110
0101001011101000
001010001
110101010011010
0011010011100011010101
0011010011100001011
1000010011011011110110
1001101001101111011010
10111011111011
1010010
110100010100010110100001
01000010110111010001
1111000101011110001
111011000011100
01100011101
110001100111110100100
1101001000101011
011101101111110011100100
0010111001111000000101
101101010
100101101
011111000
110100011111110
00011011111
1110011101111
01001111111100
010001000101010111
00001010110111
000010010100100101110110
1011000110100
10001
101011000
0000101
011101110001011
1111010101010100
1000101101
0110111000000
011110111011001
1111111110100110101110
1011110010001
1010010100101010001100011010
11101110011100
001000101101
01000101111100011001
010101011101010110111001
10011001100100110
01101100010011101001
0110101010000011
111010001010
1110100100010
01111000000
0000111000110010011
0001011110010011
0010010101111111111010
1000001010111001111010
000111110011000111011
1011100110111000001100
011000010100101110101000111
100001000000
10111110010000111000
01101010010
111111000
1001010011
10011000100
1001001101100101100100101100010
0011001011101001000111
1001011011010011
0101111001
